0 14400 9600 251
250 4 0 2 7200 4800 -309 -825 0 9000 7200 1 9000 6000 2 9000 4800 3 9000 3600 4 9000 2400 0 7200 4800 1 6900 2400 2 6900 7200 3 4200 3900 4 4200 5700
251 4 0 2 7319 4814 119 14 0 8705 7142 1 9212 5787 2 8700 4800 3 8750 3766 4 8705 2456 0 7200 4800 1 7071 2646 2 7167 7063 3 4465 4038 4 4494 5644
252 4 0 2 7446 4838 127 24 0 8419 7051 1 9436 5588 2 8400 4803 3 8507 3943 4 8423 2559 0 7200 4800 1 7267 2872 2 7431 6922 3 4735 4166 4 4788 5584
253 4 0 2 7455 4839 9 1 0 8154 6908 1 9675 5407 2 8100 4814 3 8278 4137 4 8169 2719 0 7451 4839 1 7494 3068 2 7711 6815 3 4997 4310 4 5081 5520
254 4 0 2 7582 5820 127 981 0 7940 6696 1 9914 5226 2 7800 4825 3 8049 4331 4 7966 2940 0 7451 4839 1 7732 3249 2 7672 6517 3 5279 4411 4 5373 5451
255 4 0 2 7693 6682 111 862 0 7693 6681 1 10145 5416 2 7782 5124 3 7893 4587 4 7870 3224 0 7732 4941 1 7984 3411 2 7693 6681 3 5349 4702 4 5663 5376
256 4 0 2 8136 7578 443 896 0 7693 6681 1 10376 5606 2 7723 5340 3 7864 4885 4 7909 3521 0 7963 5132 1 8204 3614 2 7693 6681 3 5471 4975 4 5960 5340
257 4 0 2 8526 8366 390 788 0 7926 6869 1 10652 5722 2 7775 5635 3 7996 5154 4 8107 3745 0 8254 5202 1 8368 3363 2 7993 6681 3 5566 5259 4 6260 5340
258 4 0 2 8863 9047 337 681 0 8159 7057 1 10928 5838 2 7882 5914 3 8213 5360 4 8406 3747 0 8532 5314 1 8533 3113 2 8286 6743 3 5661 5543 4 6554 5397
259 4 0 2 9147 9580 284 573 0 8393 7244 1 11205 5952 2 8036 6171 3 8459 5530 4 8605 3522 0 8815 5413 1 8700 2864 2 8559 6865 3 5824 5794 4 6833 5505
260 4 0 2 9377 9114 230 -466 0 8624 7435 1 11477 6077 2 8218 6409 3 8721 5675 4 8766 3269 0 9093 5523 1 8865 2613 2 8853 6924 3 5946 6068 4 7095 5650
261 4 0 2 9554 8755 177 -359 0 8859 7620 1 11758 6181 2 8430 6620 3 8988 5811 4 8923 3013 0 9269 5765 1 9062 2839 2 9019 7173 3 6148 6289 4 7343 5817
262 4 0 2 9678 8504 124 -251 0 9095 7804 1 11917 6237 2 8631 6842 3 9203 6020 4 9112 3235 0 9555 5854 1 9223 3091 2 9186 7421 3 6334 6523 4 7584 5995
263 4 0 2 9749 8360 71 -144 0 9331 7988 1 11918 6237 2 8824 7071 3 9459 6174 4 9264 3488 0 9852 5894 1 9408 3326 2 9354 7669 3 6550 6730 4 7817 6183
264 4 0 2 9766 8324 17 -36 0 9568 8171 1 11919 6235 2 9010 7306 3 9745 6264 4 9436 3724 0 10151 5903 1 9608 3548 2 9524 7915 3 6802 6891 4 8042 6381
265 4 0 2 9766 8324 0 0 0 9766 8324 1 11919 6235 2 9190 7545 3 10043 6293 4 9621 3947 0 10443 5967 1 9815 3764 2 9695 8161 3 7042 7069 4 8258 6588
266 4 0 2 9734 8208 -32 -116 0 9766 8324 1 11919 6235 2 9368 7786 3 10332 6351 4 9810 4163 0 10740 6004 1 10005 3995 2 9783 8288 3 7305 7212 4 8467 6802
267 4 0 2 9141 7402 -593 -806 0 9766 8324 1 11931 6165 2 9564 8012 3 10573 6367 4 9979 4394 0 11038 6030 1 10210 4213 2 9783 8288 3 7548 7387 4 8603 6534
268 4 0 2 8619 6693 -522 -709 0 9610 8067 1 11729 5942 2 9389 7768 3 10652 6135 4 9994 4549 0 11337 6043 1 9979 4394 2 10011 8093 3 7339 7171 4 8621 6694
269 4 0 2 8737 6672 118 -21 0 9728 7809 1 11527 5719 2 9214 7524 3 10947 6136 4 9775 4738 0 11636 6029 1 9927 4689 2 10037 7794 3 7400 6877 4 8621 6694
270 4 0 2 8746 6669 9 -3 0 9734 7532 1 11521 5554 2 9067 7262 3 11245 6115 4 9721 5031 0 11935 6014 1 9853 4979 2 10236 7570 3 7260 6611 4 8621 6694
271 4 0 2 9664 6388 918 -281 0 9893 7363 1 11529 5551 2 8924 6998 3 11543 6094 4 9633 5313 0 11641 6074 1 9755 5262 2 10356 7295 3 7106 6353 4 8621 6694
272 4 0 2 10467 6142 803 -246 0 10147 7204 1 11807 5439 2 9105 6759 3 11265 5979 4 9911 5424 0 11352 5992 1 10022 5398 2 10621 7154 3 7348 6175 4 8832 6906
273 4 0 2 11155 5931 688 -211 0 10397 7039 1 12085 5327 2 9324 6554 3 11155 5932 4 10188 5537 0 11152 5932 1 10314 5463 2 10894 7030 3 7645 6136 4 9096 6763
274 4 0 2 11208 6929 53 998 0 10645 6870 1 12363 5215 2 9573 6387 3 11155 5932 4 10465 5650 0 11152 5932 1 10613 5485 2 11172 6919 3 7942 6099 4 9317 6560
275 4 0 2 12129 6540 921 -389 0 10943 6901 1 12643 5108 2 9846 6264 3 11169 6231 4 10615 5909 0 11446 5875 1 10893 5591 2 11450 6808 3 8228 6186 4 9565 6392
276 4 0 2 12939 6198 810 -342 0 11231 6819 1 12926 5205 2 10118 6138 3 11421 6069 4 10914 5892 0 11740 5818 1 11173 5697 2 11450 6808 3 8514 6273 4 9573 6387
277 4 0 2 13639 5902 700 -296 0 11519 6737 1 13209 5303 2 10404 6049 3 11673 5907 4 11212 5867 0 12034 5761 1 11453 5803 2 11450 6808 3 8800 6360 4 9573 6387
278 4 0 2 14228 5653 589 -249 0 11617 6453 1 13492 5400 2 10679 6166 3 11925 5745 4 11510 5836 0 12328 5704 1 11733 5909 2 11450 6808 3 9086 6447 4 9573 6387
279 4 1 2 14707 5580 479 -202 0 11814 6227 1 13775 5497 2 10954 6284 3 12177 5583 4 11807 5800 0 12622 5647 1 12013 6015 2 11450 6808 3 9372 6535 4 9573 6387
280 4 1 2 7200 4800 479 -202 0 9000 7200 1 9000 6000 2 7200 4800 3 9000 3600 4 9000 2400 0 5700 4800 1 6900 2400 2 6900 7200 3 4200 3900 4 4200 5700
281 4 1 2 6961 4822 -239 22 0 8870 6929 1 9172 5754 2 7200 4800 3 8719 3706 4 8743 2556 0 5981 4697 1 7051 2659 2 7188 7117 3 4472 4024 4 4487 5613
282 4 1 2 6841 4833 -120 11 0 8572 6892 1 9362 5522 2 6901 4827 3 8437 3810 4 8487 2713 0 6275 4752 1 7260 2873 2 7450 6971 3 4710 4205 4 4774 5526
283 4 1 2 7004 4718 163 -115 0 8281 6816 1 9552 5290 2 6842 4833 3 8156 3915 4 8231 2870 0 6566 4824 1 7494 3059 2 7712 6825 3 4937 4400 4 5059 5432
284 4 1 2 7291 4411 287 -307 0 8028 6653 1 9781 5097 2 6842 4833 3 7885 4045 4 8000 3061 0 6760 4595 1 7677 3296 2 7974 6679 3 5116 4640 4 5343 5336
285 4 1 2 7496 4192 205 -219 0 7947 6363 1 10035 4938 2 6750 4547 3 7604 4151 4 7742 3215 0 7057 4558 1 7653 3595 2 8204 6487 3 5389 4516 4 5627 5240
286 4 1 2 7687 4248 191 56 0 8105 6108 1 10289 4779 2 6683 4339 3 7496 4192 4 7484 3369 0 7193 4290 1 7626 3893 2 8434 6295 3 5678 4437 4 5882 5082
287 4 1 2 7094 3442 -593 -806 0 7935 5860 1 10028 4927 2 6810 4067 3 7496 4192 4 7311 3123 0 6894 4318 1 7506 4168 2 8664 6103 3 5823 4382 4 6101 4877
288 4 1 2 6572 2733 -522 -709 0 7798 5593 1 9763 5067 2 6766 3770 3 7655 3938 4 7109 2900 0 6992 4034 1 7357 3907 2 8655 5803 3 5559 4238 4 6298 4651
289 4 1 2 6121 2120 -451 -613 0 7621 5350 1 9475 5153 2 6852 3482 3 7433 3736 4 6907 2677 0 6899 3748 1 7285 3615 2 8594 5509 3 5312 4067 4 6438 4386
290 4 1 2 5741 1604 -380 -516 0 7437 5112 1 9175 5161 2 6938 3194 3 7200 3546 4 6705 2454 0 6769 3477 1 7172 3336 2 8503 5223 3 5257 3772 4 6562 4113
291 4 1 2 5432 1185 -309 -419 0 7251 4876 1 8886 5080 2 7008 2902 3 6966 3358 4 6503 2231 0 6624 3214 1 6938 3194 2 8393 4943 3 5150 3491 4 6587 3814
292 4 1 2 5194 862 -238 -323 0 7065 4640 1 8629 4924 2 7078 2610 3 6732 3170 4 6301 2008 0 6587 2916 1 6966 3358 2 8271 4668 3 5186 3193 4 6329 3660
293 4 1 2 5027 636 -167 -226 0 6879 4404 1 8409 4719 2 7147 2318 3 6498 2982 4 6099 1785 0 6496 2629 1 6732 3170 2 8141 4397 3 5187 2893 4 6090 3477
294 4 1 2 4932 507 -95 -129 0 6692 4169 1 8216 4489 2 7209 2024 3 6261 2797 4 5897 1562 0 6497 2928 1 6607 2897 2 8007 4128 3 5165 2593 4 5842 3307
295 4 1 2 4908 474 -24 -33 0 6505 3934 1 8042 4244 2 7271 1730 3 6024 2612 4 5695 1339 0 6261 2797 1 6627 3196 2 7870 3860 3 5131 2294 4 5628 3096
296 4 1 2 4908 474 0 0 0 6317 3699 1 7879 3991 2 7291 1632 3 5787 2426 4 5493 1117 0 6024 2612 1 6578 3491 2 7732 3593 3 5094 1996 4 5363 2954
297 4 1 2 4908 474 0 0 0 6130 3464 1 7723 3734 2 7291 1632 3 5550 2241 4 5291 895 0 5788 2426 1 6343 3677 2 7594 3326 3 5057 1698 4 5104 2801
298 4 1 2 4908 474 0 0 0 5943 3229 1 7571 3475 2 7291 1632 3 5313 2055 4 5089 673 0 5551 2241 1 6130 3464 2 7457 3059 3 5020 1400 4 4902 2578
299 4 1 2 4908 474 0 0 0 5755 2994 1 7422 3214 2 7291 1632 3 5076 1869 4 4908 474 0 5314 2056 1 5943 3229 2 7320 2792 3 4983 1102 4 4603 2546
300 4 1 2 4673 388 -235 -86 0 5562 2764 1 7271 2954 2 7253 1695 3 4826 1701 4 4908 474 0 5607 1993 1 5781 2976 2 7183 2525 3 5096 1379 4 4393 2331
301 4 1 2 4550 343 -123 -45 0 5328 2576 1 7104 2704 2 6955 1658 3 4540 1609 4 4626 371 0 5589 2292 1 5601 2735 2 7022 2271 3 4978 1103 4 4171 2128
302 4 1 2 4540 339 -10 -4 0 5043 2481 1 6941 2451 2 6791 1909 3 4305 1421 4 4540 340 0 5386 2512 1 5395 2516 2 6861 2017 3 5047 1394 4 3898 2001
303 4 1 2 4079 474 -461 135 0 4769 2357 1 6755 2214 2 6491 1889 3 4081 1220 4 4540 340 0 5087 2484 1 5183 2303 2 6700 1763 3 5045 1693 4 3710 1766
304 4 1 2 3733 575 -346 101 0 4505 2213 1 6581 1969 2 6235 1732 3 3845 1033 4 4240 346 0 4799 2396 1 4885 2341 2 6999 1773 3 5333 1609 4 3599 1487
305 4 1 2 3502 642 -231 67 0 4241 2069 1 6618 1671 2 5978 1576 3 3609 847 4 3940 352 0 4513 2303 1 4600 2245 2 7298 1796 3 5631 1583 4 3485 1209
306 4 1 2 3386 675 -116 33 0 3977 1925 1 6917 1664 2 5954 1563 3 3387 675 4 3640 358 0 4213 2325 1 4330 2112 2 7199 1747 3 5897 1445 4 3369 932
307 4 1 2 3178 393 -208 -282 0 3713 1781 1 6820 1616 2 5953 1562 3 3387 675 4 3340 364 0 4060 2066 1 4043 2201 2 7199 1747 3 5610 1357 4 3525 1187
308 4 1 2 2801 61 -377 -454 0 3414 1754 1 6807 1664 2 5655 1603 3 3087 675 4 3202 367 0 3828 1875 1 3743 2208 2 7199 1747 3 5323 1269 4 3615 1473
309 4 1 2 2501 423 -300 362 0 3138 1873 1 6805 1817 2 5435 1807 3 2790 718 4 3025 609 0 3540 1790 1 3446 2162 2 6921 1633 3 5033 1191 4 3465 1213
310 4 1 2 2277 692 -224 269 0 2843 1930 1 6535 1685 2 5178 1962 3 2504 809 4 2826 833 0 3246 1850 1 3149 2206 2 6630 1556 3 4739 1129 4 3232 1022
311 4 1 2 2130 869 -147 177 0 2552 2006 1 6242 1620 2 4923 2121 3 2218 900 4 2629 1060 0 2951 1908 1 2864 2299 2 6333 1507 3 4442 1086 4 2948 924
312 4 1 2 2059 953 -71 84 0 2261 2082 1 5944 1577 2 4668 2280 3 2060 953 4 2433 1287 0 2659 1979 1 2604 2450 2 6036 1458 3 4143 1060 4 2844 1205
313 4 1 2 1578 1433 -481 480 0 1970 2158 1 5646 1535 2 4413 2439 3 2060 953 4 2236 1514 0 2368 2054 1 2402 2671 2 5739 1409 3 3845 1099 4 2677 1454
314 4 1 2 1182 1828 -396 395 0 1679 2234 1 5359 1535 2 4192 2642 3 1836 1153 4 2067 1761 0 2217 2313 1 2102 2659 2 5699 1706 3 3689 1355 4 2464 1665
315 4 1 2 870 2139 -312 311 0 1388 2310 1 5313 1814 2 3971 2845 3 1612 1353 4 1898 2008 0 2147 2604 1 1802 2649 2 5660 2003 3 3517 1601 4 2221 1841
316 4 1 2 643 2365 -227 226 0 1098 2387 1 5270 2092 2 3751 3049 3 1388 1553 4 1729 2256 0 2040 2884 1 1538 2504 2 5361 2033 3 3226 1674 4 1959 1988
317 4 1 2 501 2506 -142 141 0 808 2464 1 4971 2124 2 3531 3253 3 1164 1753 4 1560 2504 0 1921 3159 1 1241 2457 2 5064 2078 3 2946 1782 4 1686 2114
318 4 1 2 444 2562 -57 56 0 518 2542 1 4675 2172 2 3311 3457 3 941 1953 4 1391 2752 0 1871 2863 1 941 2476 2 4769 2133 3 2679 1920 4 1407 2225
319 5 1 2 -13 3451 -457 889 0 445 2562 1 4380 2227 2 3143 3612 3 718 2154 4 1222 3000 0 1578 2795 1 918 2775 2 4474 2188 3 2427 2082 4 1124 2325
320 5 1 2 7200 4800 -457 889 0 9000 7200 1 9000 6000 2 9000 4800 3 9000 3600 4 9000 2400 0 7200 4800 1 6900 2400 2 6900 7200 3 4200 3900 4 4200 5700
321 5 1 2 7328 4820 128 20 0 8705 7142 1 9212 5787 2 8700 4800 3 8750 3766 4 8705 2456 0 7200 4800 1 7121 2602 2 7158 7047 3 4469 4031 4 4494 5644
322 5 1 2 7456 4840 128 20 0 8419 7049 1 9437 5589 2 8400 4804 3 8508 3944 4 8421 2555 0 7200 4800 1 7339 2807 2 7417 6896 3 4744 4149 4 4788 5584
323 5 1 2 7465 4841 9 1 0 8156 6903 1 9677 5409 2 8100 4815 3 8280 4139 4 8165 2712 0 7462 4841 1 7565 3004 2 7699 6794 3 5022 4260 4 5081 5520
324 5 1 2 7488 5800 23 959 0 7944 6690 1 9917 5229 2 7800 4827 3 8052 4334 4 7964 2934 0 7462 4841 1 7756 3235 2 7663 6496 3 5155 4528 4 5373 5451
325 5 1 2 7508 6639 20 839 0 7646 6655 1 10115 5454 2 7752 5123 3 7890 4586 4 7867 3217 0 7748 4930 1 7998 3411 2 7508 6638 3 5356 4750 4 5663 5376
326 5 1 2 7501 7208 -7 569 0 7508 6639 1 10313 5679 2 7692 5326 3 7835 4880 4 7902 3514 0 7994 5101 1 8215 3617 2 7508 6638 3 5499 5013 4 5960 5339
327 5 1 2 7495 7657 -6 449 0 7505 6938 1 10248 5972 2 7659 5624 3 7881 5176 4 8037 3781 0 7903 5387 1 8285 3908 2 7504 6937 3 5514 5312 4 6259 5336
328 5 1 2 7491 7986 -4 329 0 7501 7237 1 10182 6264 2 7631 5922 3 7863 5475 4 8133 4065 0 7828 5677 1 8347 4201 2 7500 7236 3 5591 5601 4 6552 5396
329 5 1 2 7488 8195 -3 209 0 7497 7536 1 10117 6557 2 7607 6221 3 7819 5771 4 8205 4356 0 7766 5970 1 8404 4495 2 7496 7535 3 5696 5881 4 6821 5527
330 5 1 2 7486 8284 -2 89 0 7492 7835 1 10071 6761 2 7586 6520 3 7768 6066 4 8263 4650 0 7819 5771 1 8458 4790 2 7492 7834 3 5623 6172 4 7045 5725
331 5 1 2 7486 8284 0 0 0 7487 8134 1 10070 6761 2 7568 6819 3 7766 6167 4 8312 4945 0 7768 6066 1 8511 5085 2 7488 8133 3 5733 6451 4 7213 5973
332 5 1 2 7379 7846 -107 -438 0 7486 8284 1 10070 6761 2 7551 7118 3 7717 6462 4 8355 5241 0 7962 6294 1 8762 5249 2 7486 8284 3 5841 6730 4 7329 6249
333 5 1 2 7300 7525 -79 -321 0 7306 8043 1 9887 6523 2 7302 7286 3 7424 6528 4 8473 5516 0 8208 6465 1 9039 5363 2 7415 7992 3 5666 6974 4 7591 6393
334 5 1 2 7250 7320 -50 -205 0 7095 7828 1 9772 6245 2 7250 7321 3 7160 6671 4 8707 5586 0 8502 6522 1 9271 5552 2 7343 7700 3 5566 6878 4 7424 6528
335 5 1 2 6833 6847 -417 -473 0 6881 7617 1 9566 6026 2 7250 7321 3 6867 6602 4 8891 5678 0 8203 6555 1 9503 5741 2 7271 7408 3 5865 6871 4 7160 6670
336 5 1 2 6495 6464 -338 -383 0 7101 7413 1 9709 5762 2 7184 7028 3 6585 6498 4 8705 5441 0 8502 6554 1 9671 5989 2 7136 7139 3 6007 6607 4 6863 6622
337 5 1 2 6722 5707 227 -757 0 7341 7233 1 9763 5466 2 7092 6742 3 6496 6465 4 8515 5208 0 8246 6710 1 9839 6237 2 7184 7028 3 5731 6488 4 6589 6499
338 5 1 2 6914 5065 192 -642 0 7600 7082 1 9719 5169 2 6998 6456 3 6422 6174 4 8339 4964 0 7946 6718 1 9553 6143 2 6951 6838 3 5555 6244 4 6638 6203
339 5 1 2 7072 4538 158 -527 0 7841 6904 1 9676 4872 2 6904 6170 3 6349 5883 4 8163 4720 0 7656 6638 1 9322 5950 2 6764 6603 3 5596 5946 4 6708 5911
340 5 1 2 7195 4126 123 -412 0 8049 6688 1 9608 4579 2 6805 5886 3 6268 5594 4 7989 4475 0 7401 6479 1 9190 5680 2 6614 6343 3 5479 5669 4 6784 5621
341 5 1 2 7284 3829 89 -297 0 8216 6438 1 9495 4301 2 6698 5605 3 6178 5307 4 7815 4230 0 7188 6267 1 9101 5393 2 6488 6070 3 5536 5374 4 6863 5331
342 5 1 2 7338 3647 54 -182 0 8341 6165 1 9382 4022 2 6591 5324 3 6088 5020 4 7642 3984 0 7009 6025 1 9040 5099 2 6375 5792 3 5432 5092 4 6943 5042
343 5 1 2 7358 3579 20 -68 0 8430 5878 1 9269 3743 2 6484 5043 3 5998 4733 4 7468 3739 0 6855 5767 1 8997 4802 2 6270 5510 3 5563 4822 4 7024 4753
344 5 1 2 7004 3106 -354 -473 0 8490 5584 1 9157 3464 2 6377 4762 3 5908 4446 4 7357 3581 0 6663 5536 1 8954 4505 2 6170 5226 3 5632 4530 4 6759 4894
345 5 1 2 6722 2729 -282 -377 0 8517 5285 1 9071 3628 2 6201 4518 3 5957 4150 4 7177 3340 0 6559 5254 1 8851 4223 2 6074 4941 3 5486 4267 4 6799 4596
346 5 1 2 6512 2448 -210 -281 0 8509 4985 1 8801 3612 2 5994 4299 3 5943 3850 4 6997 3099 0 6427 4984 1 8717 3954 2 6030 4644 3 5420 3974 4 6786 4296
347 5 1 2 6374 2263 -138 -185 0 8466 4688 1 8785 3632 2 5782 4085 3 5922 3550 4 6817 2858 0 6309 4708 1 8567 3693 2 5998 4345 3 5207 3762 4 6742 3999
348 5 1 2 6308 2174 -66 -89 0 8389 4397 1 8601 3652 2 5543 3902 3 5810 3271 4 6637 2617 0 6213 4423 1 8409 3437 2 5806 4114 3 5042 3511 4 6679 3705
349 5 1 2 6308 2174 0 0 0 8290 4113 1 8493 3509 2 5318 3702 3 5694 2994 4 6458 2376 0 6113 4139 1 8247 3184 2 5572 3925 3 5086 3214 4 6608 3413
350 5 1 2 6308 2174 0 0 0 8167 3839 1 8435 3537 2 5077 3523 3 5528 2798 4 6308 2174 0 6009 3857 1 8085 2930 2 5346 3727 3 4986 2931 4 6537 3121
351 5 1 2 5387 2509 -921 335 0 8033 3570 1 8268 3356 2 4857 3319 3 5381 2544 4 6308 2174 0 5726 3755 1 7924 2676 2 5106 3545 3 4689 2977 4 6251 3029
352 5 1 2 5194 2349 -193 -160 0 7892 3304 1 8035 3166 2 4641 3110 3 5381 2544 4 6010 2132 0 5829 3473 1 7808 2494 2 4883 3343 3 4400 3059 4 5988 2882
353 5 1 2 5093 2266 -101 -83 0 7748 3040 1 7794 2986 2 4422 2904 3 5165 2335 4 5717 2066 0 5698 3202 1 7509 2522 2 4666 3134 3 4169 2867 4 5738 2714
354 5 1 2 5085 2259 -8 -7 0 7644 3064 1 7553 2806 2 4140 2800 3 5085 2260 4 5419 2025 0 5405 3133 1 7210 2551 2 4447 2928 3 3884 2962 4 5487 2548
355 5 1 2 4837 2011 -248 -248 0 7406 2880 1 7413 2731 2 3951 2566 3 5085 2260 4 5133 1932 0 5114 3056 1 6911 2580 2 4170 2812 3 3589 3020 4 5243 2373
356 5 1 2 4674 1848 -163 -163 0 7138 2744 1 7116 2682 2 3765 2329 3 5357 2133 4 4845 1845 0 5408 2996 1 7208 2617 2 3970 2587 3 3298 3093 4 5024 2167
357 5 1 2 4596 1770 -78 -78 0 6922 2535 1 6826 2603 2 3548 2121 3 5126 1940 4 4596 1770 0 5130 2883 1 7505 2654 2 3783 2352 3 3001 3138 4 4878 1904
358 5 1 2 3784 1553 -812 -217 0 7116 2557 1 6527 2577 2 3277 1991 3 4830 1991 4 4596 1770 0 4859 2752 1 7802 2692 2 3569 2141 3 3044 2841 4 4607 1775
359 5 1 2 3088 1367 -696 -186 0 7413 2593 1 6230 2530 2 3015 1843 3 4530 1991 4 4300 1823 0 4588 2621 1 7516 2600 2 3672 1859 3 2759 2936 4 4596 1770
360 5 1 2 2508 1212 -580 -155 0 7130 2492 1 5935 2474 2 2753 1695 3 4230 1974 4 4010 1745 0 4319 2487 1 7229 2512 2 3442 1665 3 2486 3061 4 4300 1822
361 5 1 2 2044 1088 -464 -124 0 6839 2420 1 5637 2432 2 2491 1547 3 3930 1981 4 4002 1946 0 4051 2351 1 6941 2426 2 3172 1534 3 2187 3027 4 4010 1745
362 5 1 2 1696 995 -348 -93 0 6551 2336 1 5339 2393 2 2229 1399 3 3630 1991 4 4022 1966 0 3784 2213 1 6653 2341 2 2893 1423 3 1900 3116 4 3930 1981
363 5 1 2 1464 933 -232 -62 0 6262 2252 1 5041 2354 2 1967 1251 3 3330 2001 4 4022 1966 0 3518 2073 1 6364 2257 2 2610 1321 3 1706 3344 4 3630 1990
364 5 1 2 1348 902 -116 -31 0 5973 2170 1 4743 2315 2 1705 1103 3 3030 2011 4 4022 1966 0 3252 1932 1 6075 2173 2 2325 1224 3 1594 3622 4 3330 2000
365 5 1 2 1348 902 0 0 0 5684 2087 1 4445 2275 2 1443 955 3 2730 2021 4 4022 1966 0 2987 1790 1 5786 2090 2 2040 1130 3 1382 3834 4 3030 2010
366 5 1 2 960 1087 -388 185 0 5388 2041 1 4152 2208 2 1348 902 3 3019 2098 4 3724 2005 0 3282 1840 1 5497 2007 2 1752 1045 3 1100 3938 4 2730 2020
367 5 1 2 680 1220 -280 133 0 5097 1989 1 3858 2147 2 1077 1031 3 3031 2397 4 3430 2069 0 3572 1765 1 5382 2013 2 1459 1111 3 1111 3638 4 3019 2098
368 5 1 2 508 1301 -172 81 0 4982 1995 1 3564 2086 2 805 1159 3 3036 2441 4 3136 2133 0 3529 1777 1 5082 1988 2 1166 1178 3 1132 3338 4 3031 2397
369 5 1 2 444 1331 -64 30 0 4682 1976 1 3271 2018 2 534 1287 3 3136 2506 4 2845 2206 0 3350 2017 1 4784 1948 2 871 1233 3 1147 3038 4 2768 2251
370 5 1 2 124 1603 -320 272 0 4384 1939 1 2978 1949 2 445 1330 3 3137 2507 4 2554 2279 0 3271 2018 1 4486 1908 2 574 1280 3 1158 2738 4 2845 2206
371 5 1 2 104 1797 -228 194 0 4086 1908 1 2871 2004 2 345 1613 3 3170 2555 4 2447 2161 0 3271 2018 1 4188 1868 2 534 1287 3 1169 2438 4 2845 2206
372 5 1 2 240 1913 136 116 0 3790 1911 1 2575 1954 2 158 1847 3 3041 2826 4 2180 2299 0 3271 2018 1 3890 1828 2 534 1287 3 1180 2138 4 2845 2206
373 5 1 2 285 1951 45 38 0 3495 1892 1 2276 1921 2 284 1951 3 2977 2979 4 1920 2450 0 2972 1990 1 4111 2029 2 366 1536 3 1271 1852 4 2547 2247
374 5 1 2 27 2917 -258 966 0 3696 2113 1 1985 1997 2 284 1951 3 2984 3278 4 1722 2675 0 2673 1960 1 4332 2230 2 307 1830 3 1296 1553 4 2261 2339
375 5 1 2 199 3767 -226 850 0 3634 2406 1 2277 2064 2 306 2250 3 2821 3529 4 1564 2930 0 2374 1930 1 4553 2432 2 284 1951 3 1321 1254 4 1975 2431
376 5 1 2 394 4501 195 734 0 3917 2503 1 2102 2224 2 590 2345 3 2872 3824 4 1352 3142 0 2276 1921 1 4579 2455 2 284 1951 3 1346 955 4 1920 2450
377 5 1 2 558 5119 164 618 0 3863 2798 1 2395 2287 2 579 2644 3 2693 4064 4 1243 3421 0 2094 2160 1 4337 2633 2 296 2250 3 1202 1218 4 1876 2746
378 5 1 2 691 5621 133 502 0 3810 3093 1 2677 2389 2 568 2943 3 2514 4304 4 1134 3700 0 1926 2408 1 4137 2856 2 458 2502 3 1081 1492 4 1730 3008
379 5 1 2 793 6007 102 386 0 3757 3388 1 2932 2546 2 557 3242 3 2335 4544 4 1026 3979 0 1769 2663 1 3964 3101 2 524 2794 3 981 1774 4 1619 3286
380 5 1 2 865 6277 72 270 0 3704 3683 1 3132 2769 2 546 3541 3 2156 4785 4 918 4258 0 1621 2924 1 3813 3360 2 723 3018 3 897 2062 4 1531 3573
381 5 1 2 906 6431 41 154 0 3651 3978 1 3250 3044 2 535 3840 3 1978 5026 4 811 4538 0 1481 3189 1 3677 3627 2 839 3294 3 827 2353 4 1459 3864
382 5 1 2 916 6469 10 38 0 3598 4273 1 3281 3342 2 524 4139 3 1800 5267 4 704 4818 0 1347 3457 1 3550 3898 2 692 3555 3 769 2647 4 1395 4157
383 5 1 2 916 6469 0 0 0 3546 4568 1 3247 3640 2 513 4438 3 1622 5508 4 597 5098 0 1218 3728 1 3425 4170 2 542 3815 3 720 2943 4 1334 4450
384 5 1 2 916 6469 0 0 0 3494 4863 1 3170 3930 2 502 4737 3 1444 5749 4 490 5378 0 1006 3940 1 3300 4442 2 685 3551 3 702 3242 4 1273 4743
385 5 1 2 916 6469 0 0 0 3442 5158 1 3067 4211 2 500 4800 3 1266 5990 4 402 5612 0 727 3828 1 3175 4715 2 639 3847 3 672 3540 4 1212 5036
386 5 1 2 916 6469 0 0 0 3396 5424 1 2947 4486 2 500 4800 3 1089 6232 4 402 5612 0 658 4120 1 3050 4988 2 459 4087 3 633 3837 4 1151 5329
387 5 1 2 916 6469 0 0 0 3127 5290 1 2806 4750 2 500 4800 3 916 6469 4 150 5447 0 590 4412 1 2925 5261 2 594 3819 3 594 4134 4 1090 5622
388 5 1 2 384 5657 -532 -812 0 3040 5247 1 2664 5014 2 500 4800 3 916 6469 4 43 5377 0 522 4704 1 2801 5534 2 565 4117 3 369 4333 4 795 5567
389 6 1 2 -82 5071 -466 -711 0 3293 5406 1 2532 5283 2 466 5098 3 856 6175 4 274 5567 0 500 4800 1 2677 5807 2 536 4415 3 148 4530 4 500 5512
390 6 1 2 7200 4800 -466 -711 0 9000 7200 1 9000 6000 2 9000 4800 3 9000 3600 4 9000 2400 0 7200 4800 1 6900 2400 2 6900 7200 3 4200 3900 4 4200 5700
391 6 1 2 7326 4828 126 28 0 8705 7142 1 9212 5787 2 8700 4800 3 8750 3766 4 8705 2456 0 7200 4800 1 7118 2605 2 7157 7046 3 4435 4085 4 4494 5644
392 6 1 2 7445 4831 119 3 0 8419 7048 1 9437 5589 2 8400 4806 3 8509 3945 4 8422 2555 0 7200 4800 1 7339 2807 2 7416 6895 3 4704 4216 4 4788 5584
393 6 1 2 7445 4831 0 0 0 8156 6902 1 9674 5406 2 8100 4813 3 8278 4136 4 8166 2711 0 7498 4827 1 7520 3045 2 7683 6759 3 4972 4349 4 5081 5520
394 6 1 2 7595 5799 150 968 0 7947 6686 1 9911 5223 2 7800 4821 3 8047 4328 4 7964 2933 0 7564 4834 1 7749 3238 2 7646 6461 3 5235 4492 4 5373 5451
395 6 1 2 7727 6648 132 849 0 7726 6648 1 10151 5401 2 7787 5120 3 7913 4596 4 7875 3219 0 7839 4953 1 7980 3429 2 7726 6647 3 5454 4696 4 5663 5375
396 6 1 2 7999 7589 272 941 0 7726 6648 1 10392 5579 2 7812 5352 3 7885 4894 4 7910 3516 0 8108 5085 1 8213 3617 2 7726 6647 3 5626 4941 4 5960 5339
397 6 1 2 8238 8415 239 826 0 7907 6887 1 10613 5780 2 7840 5650 3 8032 5155 4 8088 3757 0 8392 5179 1 8305 3331 2 8025 6657 3 5774 5201 4 6259 5341
398 6 1 2 8443 9125 205 710 0 8089 7125 1 10836 5980 2 7922 5938 3 8247 5363 4 8357 3727 0 8655 5323 1 8398 3046 2 8316 6727 3 5884 5479 4 6553 5398
399 6 1 2 8615 9480 172 595 0 8271 7363 1 11059 6180 2 8050 6209 3 8481 5549 4 8440 3443 0 8930 5442 1 8492 2761 2 8578 6871 3 6002 5754 4 6832 5508
400 6 1 2 8753 8999 138 -481 0 8427 7619 1 11046 6479 2 8262 6420 3 8779 5581 4 8527 3729 0 9216 5530 1 8575 2472 2 8836 7023 3 6088 6041 4 7092 5657
401 6 1 2 8858 8633 105 -366 0 8621 7847 1 11028 6778 2 8465 6640 3 9076 5623 4 8640 4006 0 9501 5622 1 8731 2727 2 8868 7321 3 6236 6301 4 7343 5820
402 6 1 2 8930 8383 72 -250 0 8816 8074 1 10985 7074 2 8658 6869 3 9372 5667 4 8776 4272 0 9786 5714 1 8847 3003 2 8901 7619 3 6409 6545 4 7585 5997
403 6 1 2 8968 8248 38 -135 0 8968 8249 1 10787 7299 2 8918 7018 3 9671 5655 4 8936 4525 0 10072 5802 1 9003 3259 2 8936 7916 3 6606 6770 4 7755 5750
404 6 1 2 8720 7320 -248 -928 0 8968 8249 1 10598 7065 2 8780 6751 3 9969 5621 4 8751 4761 0 10201 6072 1 8996 3558 2 8970 8213 3 6797 7000 4 7963 5534
405 6 1 2 8503 6508 -217 -812 0 8796 8002 1 10398 6841 2 8554 6553 3 10268 5633 4 8550 4983 0 10500 6092 1 8936 3851 2 9222 8050 3 6814 6769 4 8198 5719
406 6 1 2 8255 6740 -248 232 0 8561 7814 1 10275 6567 2 8503 6508 3 10554 5720 4 8343 5200 0 10239 5943 1 8894 4148 2 9474 7887 3 6814 6469 4 8327 5448
407 6 1 2 8094 6890 -161 150 0 8269 7883 1 9991 6664 2 8283 6712 3 10308 5892 4 8146 5426 0 10039 6166 1 8754 4413 2 9301 7641 3 7113 6490 4 8310 5747
408 6 1 2 8021 6958 -73 68 0 8015 8042 1 9755 6850 2 8064 6917 3 10084 6091 4 7950 5653 0 9825 6377 1 8599 4670 2 9079 7438 3 7390 6603 4 8018 5816
409 6 1 2 7312 7544 -709 586 0 7745 8174 1 9493 6997 2 8021 6958 3 9855 6285 4 7725 5851 0 9545 6268 1 8529 4961 2 8857 7235 3 7092 6562 4 7950 5653
410 6 1 2 6695 8053 -617 509 0 7473 8301 1 9203 7076 2 7826 7186 3 9567 6369 4 7480 6024 0 9353 6499 1 8327 5183 2 8572 7140 3 7157 6854 4 7701 5821
411 6 1 2 6171 8486 -524 433 0 7201 8428 1 8915 7160 2 7672 7443 3 9311 6526 4 7242 6206 0 9135 6705 1 8114 5394 2 8272 7158 3 7049 7133 4 7459 5999
412 6 1 2 5739 8842 -432 356 0 6929 8556 1 8626 7242 2 7517 7700 3 9070 6705 4 7002 6387 0 8908 6901 1 7894 5598 2 8078 7387 3 6885 7384 4 7177 6103
413 6 1 2 5399 9122 -340 280 0 6657 8684 1 8339 7331 2 7322 7928 3 8835 6892 4 6763 6569 0 8677 7093 1 7669 5796 2 7867 7600 3 6699 7619 4 6928 6270
414 6 1 2 5152 9325 -247 203 0 6386 8812 1 8052 7421 2 7126 8155 3 8601 7080 4 6525 6751 0 8445 7283 1 7440 5990 2 7643 7800 3 6502 7845 4 6656 6398
415 6 1 2 4997 9452 -155 127 0 6115 8940 1 7765 7511 2 7112 8173 3 8367 7267 4 6287 6933 0 8211 7471 1 7209 6181 2 7409 7988 3 6299 8066 4 6392 6541
416 6 1 2 4935 9502 -62 50 0 5844 9068 1 7478 7601 2 7110 8174 3 8132 7453 4 6049 7115 0 7977 7659 1 6976 6370 2 7167 8165 3 6093 8284 4 6151 6719
417 6 1 2 4935 9502 0 0 0 5573 9197 1 7191 7691 2 7110 8174 3 7896 7638 4 5811 7297 0 7743 7846 1 6742 6557 2 6919 8334 3 5886 8501 4 5865 6811
418 6 1 2 4935 9502 0 0 0 5302 9326 1 6904 7781 2 7110 8174 3 7659 7822 4 5573 7479 0 7509 8034 1 6507 6743 2 6666 8495 3 5679 8718 4 5579 6902
419 6 1 2 4935 9502 0 0 0 5031 9455 1 6617 7871 2 7110 8174 3 7422 8006 4 5335 7662 0 7275 8222 1 6271 6928 2 6409 8651 3 5472 8935 4 5304 7023
420 6 1 2 4055 9529 -880 27 0 4935 9502 1 6319 7905 2 6810 8190 3 7159 8151 4 5076 7814 0 7010 8080 1 6034 7113 2 6152 8807 3 5277 9163 4 5010 7084
421 6 1 2 3295 9552 -760 23 0 4635 9509 1 6031 7819 2 6517 8121 3 6863 8100 4 4776 7807 0 6754 8237 1 5791 7290 2 5891 8955 3 4989 9249 4 4710 7072
422 6 1 2 2655 9572 -640 20 0 4335 9516 1 5743 7733 2 6224 8052 3 6568 8159 4 4476 7800 0 6476 8349 1 5523 7426 2 5616 9076 3 4693 9301 4 4411 7103
423 6 1 2 2135 9588 -520 16 0 4035 9522 1 5455 7647 2 5931 7983 3 6280 8245 4 4176 7793 0 6189 8438 1 5240 7526 2 5332 9173 3 4395 9340 4 4111 7097
424 6 1 2 1735 9600 -400 12 0 3735 9529 1 5167 7561 2 5638 7914 3 5991 8328 4 3876 7786 0 5898 8514 1 4949 7599 2 5356 8873 3 4096 9372 4 3832 6985
425 6 1 2 1455 9592 -280 8 0 3435 9536 1 4881 7468 2 5348 7835 3 5698 8395 4 3577 7758 0 5605 8582 1 4653 7650 2 5313 8576 3 3797 9400 4 3542 6906
426 6 1 2 1295 9586 -160 -6 0 3135 9544 1 4581 7466 2 5369 7535 3 5411 8484 4 3313 7900 0 5311 8643 1 4354 7679 2 5204 8296 3 3498 9424 4 3382 6652
427 6 1 2 1255 9584 -40 -2 0 2835 9550 1 4289 7397 2 5071 7497 3 5116 8542 4 3013 7902 0 5016 8701 1 4060 7741 2 5023 8056 3 3198 9446 4 3156 6454
428 6 1 2 1255 9584 0 0 0 2535 9556 1 4001 7309 2 4775 7445 3 4909 8324 4 2714 7875 0 4721 8758 1 3763 7786 2 4799 7855 3 2898 9467 4 2968 6219
429 6 1 2 1255 9584 0 0 0 2235 9562 1 3751 7141 2 4482 7379 3 4695 8113 4 2418 7824 0 4426 8815 1 3464 7811 2 4551 7685 3 2598 9488 4 2741 6022
430 6 1 2 1255 9584 0 0 0 1935 9568 1 3530 6937 2 4192 7299 3 4467 7917 4 2128 7745 0 4131 8872 1 3164 7814 2 4302 7516 3 2298 9509 4 2586 5764
431 6 1 2 1255 9584 0 0 0 1635 9575 1 3359 6690 2 3913 7188 3 4238 7722 4 1859 7610 0 3836 8929 1 2864 7794 2 4062 7336 3 1998 9530 4 2337 5595
432 6 1 2 1255 9584 0 0 0 1335 9582 1 3200 6435 2 3640 7062 3 4006 7530 4 1603 7453 0 3541 8986 1 2568 7739 2 3841 7133 3 1698 9551 4 2044 5530
433 6 1 2 980 8781 -275 835 0 1255 9584 1 3065 6166 2 3370 6930 3 3777 7336 4 1353 7286 0 3632 8700 1 2280 7653 2 3638 6912 3 1398 9573 4 1758 5439
434 6 1 2 742 8059 -238 -722 0 1164 9297 1 3004 6459 2 3082 6845 3 3539 7152 4 1077 7404 0 3339 8633 1 2001 7542 2 3455 6674 3 1257 9307 4 1717 5141
435 6 1 2 542 7451 -200 -608 0 1337 9051 1 3054 6163 2 2825 6688 3 3281 6998 4 893 7166 0 3402 8339 1 1935 7249 2 3168 6762 3 1421 9056 4 1462 5299
436 6 1 2 379 6957 -163 -494 0 1601 8908 1 3104 5867 2 2568 6531 3 3023 6844 4 709 6928 0 3616 8129 1 1912 6949 2 2872 6814 3 1639 8850 4 1207 5457
437 6 1 2 254 6577 -125 -380 0 1859 8756 1 3102 5854 2 2312 6374 3 2765 6689 4 526 6690 0 3793 7887 1 1870 6651 2 2572 6829 3 1716 8560 4 951 5613
438 6 1 2 166 6311 -88 -266 0 2109 8590 1 3102 5854 2 2056 6217 3 2507 6534 4 343 6452 0 3939 7625 1 1811 6356 2 2272 6808 3 1754 8262 4 694 5769
439 6 1 2 116 6159 -50 -152 0 2347 8408 1 3100 5853 2 1800 6060 3 2249 6379 4 159 6214 0 4051 7347 1 1811 6056 2 1976 6753 3 1768 7962 4 437 5924
440 7 1 2 -196 5805 -312 -950 0 2570 8208 1 3100 5853 2 1544 5903 3 1991 6225 4 116 6159 0 3786 7205 1 1512 6084 2 1902 6462 3 1782 7662 4 504 5631
441 7 1 2 7200 4800 -312 -950 0 9000 7200 1 9000 6000 2 9000 4800 3 9000 3600 4 9000 2400 0 7200 4800 1 6900 2400 2 6900 7200 3 4200 3900 4 4200 5700
442 7 1 2 7329 4803 129 3 0 8705 7142 1 9212 5787 2 8700 4800 3 8750 3766 4 8705 2456 0 7200 4800 1 7077 2641 2 7170 7070 3 4470 4030 4 4494 5644
443 7 1 2 7457 4819 128 16 0 8418 7052 1 9436 5588 2 8400 4800 3 8507 3942 4 8423 2559 0 7200 4800 1 7260 2878 2 7435 6930 3 4727 4183 4 4788 5584
444 7 1 2 7466 4820 9 1 0 8153 6910 1 9675 5406 2 8100 4806 3 8277 4135 4 8170 2720 0 7457 4819 1 7455 3105 2 7706 6802 3 5000 4306 4 5081 5520
445 7 1 2 7585 5802 119 982 0 7942 6695 1 9914 5225 2 7800 4812 3 8047 4328 4 7968 2941 0 7457 4819 1 7678 3305 2 7669 6504 3 5127 4577 4 5372 5450
446 7 1 2 7689 6665 104 863 0 7689 6664 1 10146 5414 2 7782 5111 3 7890 4584 4 7861 3221 0 7741 4914 1 7932 3463 2 7689 6664 3 5312 4812 4 5662 5373
447 7 1 2 7643 6880 -46 215 0 7689 6664 1 10379 5602 2 7729 5313 3 7861 4882 4 7879 3520 0 8013 5040 1 8174 3639 2 7689 6664 3 5411 5095 4 5959 5336
448 7 1 2 7622 6977 -21 97 0 7627 6957 1 10426 5898 2 7709 5612 3 7900 5179 4 8001 3793 0 8242 5232 1 8411 3822 2 7626 6957 3 5598 5329 4 6258 5332
449 7 1 2 7636 7476 14 499 0 7623 6977 1 10429 5919 2 7689 5911 3 8030 5448 4 8180 4033 0 8493 5395 1 8633 4023 2 7623 6976 3 5535 5622 4 6552 5388
450 7 1 2 7647 7855 11 379 0 7630 7276 1 10353 6209 2 7677 6210 3 8248 5653 4 8387 4249 0 8603 5673 1 8861 4216 2 7630 7275 3 5675 5887 4 6824 5513
451 7 1 2 7654 8114 7 259 0 7638 7575 1 10279 6499 2 7669 6509 3 8392 5915 4 8602 4458 0 8776 5917 1 9048 4449 2 7638 7574 3 5826 6146 4 7056 5702
452 7 1 2 7658 8253 4 139 0 7646 7874 1 10224 6719 2 7664 6808 3 8543 6174 4 8795 4687 0 8908 6185 1 9229 4688 2 7646 7873 3 5915 6432 4 7237 5940
453 7 1 2 7658 8272 0 19 0 7655 8173 1 10225 6719 2 7662 7107 3 8665 6447 4 8974 4927 0 9099 6415 1 9404 4931 2 7655 8172 3 6026 6710 4 7369 6209
454 7 1 2 7181 7450 -477 -822 0 7658 8272 1 10225 6719 2 7660 7406 3 8830 6697 4 9142 5174 0 9142 6711 1 9593 5163 2 7658 8271 3 5964 7003 4 7462 6494
455 7 1 2 6764 6732 -417 -718 0 7589 7979 1 10063 6466 2 7478 7166 3 8796 6509 4 8909 4984 0 9441 6733 1 9753 5416 2 7658 7971 3 5908 6708 4 7164 6536
456 7 1 2 6407 6117 -357 -615 0 7473 7702 1 9904 6211 2 7296 6927 3 9089 6541 4 8676 4794 0 9146 6678 1 9970 5622 2 7592 7678 3 5851 6413 4 6866 6493
457 7 1 2 6110 5606 -297 -511 0 7389 7413 1 9774 5940 2 7114 6687 3 8799 6478 4 8533 4678 0 9198 6382 1 9814 5878 2 7481 7398 3 5794 6118 4 6580 6399
458 7 1 2 5874 5199 -236 -407 0 7278 7134 1 9507 5802 2 6932 6448 3 8838 6207 4 8530 4678 0 8930 6246 1 9916 5649 2 7343 7131 3 5736 5823 4 6304 6280
459 7 1 2 5698 4896 -176 -303 0 7140 6867 1 9526 5556 2 6750 6209 3 8570 6071 4 8530 4678 0 8894 5948 1 9820 5431 2 7188 6873 3 5678 5528 4 6033 6150
460 7 1 2 5582 4697 -116 -199 0 6986 6608 1 9427 5355 2 6568 5970 3 8522 5799 4 8528 4677 0 8742 5689 1 9545 5310 2 7022 6622 3 5619 5233 4 5810 5949
461 7 1 2 5526 4601 -56 -96 0 6821 6357 1 9151 5240 2 6386 5731 3 8363 5560 4 8526 4677 0 8586 5432 1 9632 5023 2 6850 6375 3 5559 4938 4 5565 5774
462 7 1 2 5526 4601 0 0 0 6649 6110 1 9234 4982 2 6204 5492 3 8199 5327 4 8525 4676 0 8339 5260 1 9707 4732 2 6674 6131 3 5498 4644 4 5319 5601
463 7 1 2 5645 4587 119 -14 0 6473 5866 1 9307 4719 2 6022 5253 3 7949 5168 4 8525 4676 0 8090 5091 1 9475 4541 2 6496 5889 3 5470 4505 4 5072 5429
464 7 1 2 6641 4669 996 82 0 6313 5611 1 9075 4545 2 5874 4991 3 7698 5010 4 8643 4669 0 7887 4869 1 9175 4544 2 6316 5648 3 5470 4505 4 4805 5290
465 7 1 2 7518 4741 877 72 0 6556 5435 1 9371 4591 2 6137 5134 3 7530 4761 4 8777 4591 0 7603 4771 1 9467 4479 2 6575 5498 3 5661 4735 4 4709 5005
466 7 1 2 7463 3742 -55 -999 0 6799 5259 1 9667 4637 2 6433 5178 3 7517 4741 4 9070 4532 0 7515 4741 1 9765 4447 2 6860 5406 3 5890 4927 4 4999 4929
467 7 1 2 7415 2863 -48 -879 0 6980 5019 1 9612 4342 2 6713 5072 3 7501 4441 4 9134 4238 0 7499 4441 1 9534 4254 2 6799 5259 3 6162 5052 4 5212 4718
468 7 1 2 7373 2104 -42 -759 0 7116 4751 1 9455 4086 2 6835 4860 3 7485 4141 4 9198 3944 0 7483 4141 1 9393 3988 2 6979 5019 3 6461 5062 4 5239 4419
469 7 1 2 7338 1464 -35 -640 0 7212 4467 1 9307 3824 2 7002 4619 3 7468 3841 4 9261 3650 0 7466 3841 1 9294 3704 2 7115 4751 3 6724 4919 4 5345 4138
470 7 1 2 7309 944 -29 -520 0 7278 4174 1 9185 3549 2 7127 4351 3 7451 3541 4 9324 3356 0 7449 3541 1 9217 3413 2 7211 4467 3 6927 4698 4 5356 3838
471 7 1 2 7287 544 -22 -400 0 7320 3877 1 9085 3266 2 7215 4067 3 7434 3241 4 9386 3062 0 7432 3241 1 9152 3120 2 7277 4174 3 7076 4438 4 5448 3552
472 7 1 2 7271 264 -16 -280 0 7345 3578 1 8999 2978 2 7275 3774 3 7417 2941 4 9449 2768 0 7415 2941 1 9094 2825 2 7319 3877 3 7181 4157 4 5477 3253
473 7 1 2 7262 104 -9 -160 0 7358 3278 1 8923 2687 2 7312 3477 3 7400 2641 4 9511 2474 0 7398 2641 1 9040 2529 2 7344 3578 3 7252 3865 4 5559 2964
474 7 1 2 7259 64 -3 -40 0 7363 2978 1 8851 2395 2 7334 3178 3 7383 2341 4 9573 2180 0 7381 2341 1 8989 2233 2 7357 3278 3 7297 3568 4 5604 2667
475 7 1 2 7259 64 0 0 0 7361 2678 1 8782 2103 2 7343 2878 3 7366 2041 4 9634 1896 0 7364 2041 1 8939 1937 2 7362 2978 3 7325 3269 4 5513 2380
476 7 1 2 7259 64 0 0 0 7316 2869 1 8712 1811 2 7346 2578 3 7349 1741 4 9634 1896 0 7348 1741 1 8889 1641 2 7361 2678 3 7338 2969 4 5515 2080
477 7 1 2 7259 64 0 0 0 7326 2569 1 8640 1519 2 7345 2278 3 7332 1441 4 9634 1896 0 7332 1441 1 8839 1345 2 7346 2578 3 7316 2869 4 5335 1839
478 7 1 2 7259 64 0 0 0 7330 2269 1 8563 1228 2 7307 2469 3 7316 1141 4 9634 1896 0 7316 1141 1 8789 1049 2 7345 2278 3 7325 2569 4 5521 1603
479 7 1 2 7259 64 0 0 0 7329 1969 1 8482 939 2 7313 2169 3 7300 841 4 9634 1896 0 7300 841 1 8759 870 2 7330 2269 3 7307 2469 4 5414 1322
480 7 1 2 7259 64 0 0 0 7317 1869 1 8406 680 2 7299 2069 3 7284 541 4 9634 1896 0 7284 541 1 8759 870 2 7329 1969 3 7312 2169 4 5647 1133
481 7 1 2 7259 64 0 0 0 7314 1569 1 8406 680 2 7300 1769 3 7268 241 4 9634 1896 0 7268 241 1 9023 1011 2 7615 1879 3 7299 2069 4 5391 1290
482 7 1 2 6951 590 -308 526 0 7291 1669 1 8670 821 2 7493 1539 3 7259 64 4 9634 1896 0 7259 64 1 9287 1153 2 7885 1749 3 7300 1769 4 5239 1382
483 7 1 2 6703 1013 -248 423 0 6993 1627 1 8818 1081 2 7488 1694 3 7195 357 4 9485 2156 0 7501 241 1 9525 1334 2 7587 1708 3 7009 1694 4 5057 1620
484 7 1 2 6516 1332 -187 319 0 6695 1587 1 9039 1283 2 7190 1654 3 7241 545 4 9335 2416 0 7681 480 1 9714 1566 2 7289 1667 3 6717 1624 4 4922 1888
485 7 1 2 6389 1547 -127 215 0 6397 1547 1 9249 1497 2 6892 1614 3 7372 734 4 9186 2676 0 7877 706 1 9782 1858 2 6991 1626 3 6425 1554 4 5217 1940
486 7 1 2 6391 1507 2 -40 0 6390 1547 1 9363 1774 2 6594 1573 3 7528 902 4 9110 2809 0 7656 909 1 9482 1878 2 6693 1586 3 6391 1546 4 5209 2148
487 7 1 2 6887 639 496 -868 0 6390 1547 1 9084 1830 2 6391 1507 3 7294 1079 4 9106 2782 0 7401 1068 1 9182 1892 2 6395 1547 3 6391 1546 4 4937 2275
488 7 1 2 7324 124 437 -763 0 6649 1396 1 8861 1652 2 6653 1362 3 7535 901 4 9396 2706 0 7617 860 1 9476 1950 2 6693 1578 3 6390 1547 4 5132 2047
489 7 1 2 7701 783 377 659 0 6933 1301 1 9157 1699 2 6888 1176 3 7658 627 4 9660 2565 0 7691 569 1 9774 1917 2 6987 1520 3 6649 1396 4 5146 1747
490 7 1 2 7041 782 -660 -1 0 6633 1302 1 9404 1762 2 7008 901 3 7701 534 4 9595 2388 0 7475 777 1 10072 1885 2 6904 1231 3 6933 1301 4 5426 1854
491 7 1 2 6501 781 -540 -1 0 6376 1145 1 9143 1911 2 6709 932 3 7421 642 4 9638 2091 0 7679 557 1 10370 1853 2 6994 944 3 6633 1302 4 5131 1912
492 7 1 2 6081 780 -420 -1 0 6104 1017 1 8843 1896 2 6431 817 3 7124 689 4 9849 1877 0 7399 665 1 10075 1793 2 6709 849 3 6376 1145 4 4946 1742
493 7 1 2 5781 779 -300 -1 0 5832 889 1 8543 1897 2 6146 720 3 6828 742 4 9690 1683 0 7627 859 1 9988 2080 2 6419 929 3 6187 911 4 4672 1866
494 7 1 2 5601 778 -180 -1 0 5601 779 1 8244 1924 2 5855 645 3 6534 801 4 9609 1951 0 7330 815 1 9944 2229 2 6180 746 3 5887 892 4 4673 1566
495 7 1 2 5311 531 -290 -247 0 5601 779 1 7952 1853 2 5570 550 3 6236 841 4 9569 2087 0 7030 809 1 9944 2229 2 5893 656 3 5607 781 4 4415 1719
496 7 1 2 5113 362 -198 -169 0 5306 723 1 7652 1862 2 5292 435 3 5941 898 4 9561 2112 0 7078 1105 1 9661 2128 2 5616 772 3 5378 586 4 4141 1842
497 7 1 2 4773 642 -340 280 0 5014 792 1 7411 2041 2 5113 362 3 5656 992 4 9272 2033 0 6782 1051 1 9378 2027 2 5408 555 3 5306 723 4 3847 1906
498 7 1 2 4526 845 -247 203 0 4725 872 1 7118 1973 2 4814 331 3 5898 1169 4 8999 1907 0 6999 1258 1 9082 1972 2 5150 709 3 5018 809 4 3568 2016
499 7 1 2 4371 972 -155 127 0 4436 953 1 6824 1913 2 4514 323 3 6106 1384 4 8703 1856 0 6782 1465 1 8800 2075 2 4869 816 3 4730 895 4 3273 1958
500 7 1 2 3965 777 -406 -195 0 4372 971 1 6527 1865 2 4217 371 3 6266 1637 4 8420 1956 0 6484 1429 1 8665 2126 2 4693 572 3 4436 953 4 3044 2152
